1469546498
1470150658
1469913092
1471834115
1471754246
1473646597
1482594311
1474519049
1484974091
1474338828
1471047693
1476821005
1476452367
1485942914
1476882449
1469691922
1472737298
1484916755
1470044181
1481730070
1485418514
1474099224
1471610905
1476771864
1476835352
1469218845
1482235934
1474080803
1469874212
1470672934
1479759912
1467801642
1470748716
1472266284
1472464941
1470793783
1471268919
1474543677
1475809346
1476792387
1472122948
1479491650
1469481032
1474734153
1473732682
1476851786
1476866123
1481013322
1472587854
1483022413
1470982224
1485187153
1470169170
1485787218
1476757588
1481986138
1467717723
1482483803
1470748765
1470900318
1474687070
1473167457
1482440804
1482399854
1473167471
1469851761
1471387761
1482162291
1471727732
1478697076
1470251126
1473216630
1484580981
1470150779
1476780155
1480063100
1485467771
1469769856
1482018944
1469556866
1469802627
1474087043
1473474693
1474379910
1479508099
1472735368
1481013383
1481048194
1482332292
1482592390
1470918803
1470947475
1476325525
1482465428
1481068695
1469933722
1470400669
1474326685
1471561887
1476464800
1482309791
1471068322
1472264355
1482440870
1475981479
1467717800
1474414761
1476765863
1480036520
1485641894
1469546669
1473898670
1473829039
1478144174
1469808817
1467363507
1486003989
1467547833
1467805882
1470832827
1469880505
1479694524
1469989054
1476284607
1481013440
1481058490
1485377729
1468940483
1470398660
1482170565
1472272584
1473654985
1474685130
1485285577
1473138895
1476419791
1473466577
1476559057
1474801875
1479702739
1474416853
1476661461
1482989778
1484429526
1485938896
1470286042
1473376474
1473634524
1469735133
1473587421
1470898399
1476489440
1473693921
1469765858
1469792482
1470238946
1476073700
1476411620
1481636062
1474324712
1481058536
1469513962
1481900268
1485074669
1485424877
1479663857
1471494386
1469741299
1468913913
1469892859
1475084539
1476284670
1470306559
1481490688
1471322369
1473122562
1469800708
1480014088
1485541641
1484601612
1470398733
1485646093
1468707087
1470978322
1473558802
1473634580
1473730836
1476753685
1481013522
1469946137
1485811994
1479760157
1470744863
1469468964
1483976996
1467703590
1467625767
1476196648
1484775720
1471080746
1482471727
1469145392
1469575473
1470064946
1484515634
1469589812
1481892149
1469143350
1485297973
1485510969
1486126106
1475207483
1474412860
1485541693
1479412033
1471611202
1473642826
1479242058
1482021199
1474863440
1467658581
1474169176
1470806362
1475305822
1467625823
1473896799
1470851428
1470996836
1470957926
1471840613
1468502376
1470065000
1479813479
1470122347
1470407023
1470970226
1479694708
1482459508
1484118388
1471504762
1470153083
1470923132
1473456506
1475295613
1469493633
1469921665
1470060930
1470749058
1470564745
1468504462
1470945678
1476905358
1476905359
1481900433
1467750803
1482279313
1479823765
1469008278
1475305878
1476397462
1479973274
1469452700
1486082315
1474431394
1474861476
1473696166
1476456870
1481832871
1468500394
1482809771
1484118445
1472813487
1483975090
1469557171
1472242101
1475375543
1483020731
1473393084
1485989359
1473962430
1468234175
1468770753
1469843906
1471070658
1481832897
1481959876
1469505992
1469764041
1467447754
1473163722
1474173388
1470755277
1471068622
1474251212
1473552848
1476413904
1484317135
1482023870
1481064917
1485799893
1470421463
1470945751
1476426200
1469483484
1476778462
1470757343
1470835167
1485423077
1469737446
1473829351
1482019312
1473993201
1482961393
1482332659
1485410804
1485976035
1469569530
1477276154
1481832957
1471369728
1476493825
1473208834
1476807169
1469909508
1485597189
1484771846
1485566471
1470255624
1473374728
1470413322
1476815368
1483153930
1485642253
1476411921
1469807128
1476395549
1467824674
1475207721
1469446698
1476700713
1482377771
1471660589
1471584814
1469921839
1474992686
1469532722
1469706802
1479719477
1474943545
1469956668
1470757436
1482558013
1475293760
1469764162
1472811586
1474249284
1468430918
1471269447
1471007304
1471007305
1471068746
1482463817
1470976589
1473741392
1470005843
1485746771
1473555031
1470255704
1468455513
1469448795
1469958747
1482445407
1484268131
1471205988
1482381924
1485978320
1479475818
1482242669
1470184047
1471103601
1476926066
1473118841
1473206907
1471488636
1472256636
1476506241
1474861700
1470038661
1485212294
1486059346
1484966536
1469059724
1479209614
1483414158
1482398352
1469590162
1469577879
1475318423
1476240025
1472721570
1470327459
1481011875
1481902758
1474253479
1485740711
1469737641
1469860522
1475635882
1469823660
1483311791
1469215409
1476799153
1485554353
1482019508
1473096373
1481892533
1482377908
1469477560
1471408824
1481069241
1468289723
1469964987
1482724029
1468922558
1470962367
1470962368
1471926977
1476399809
1483076287
1472359109
1473295045
1476672199
1473159882
1482111690
1473997518
1468537551
1469526736
1479819982
1470384852
1480125142
1470063319
1474429655
1470423772
1482410716
1484706014
1481011935
1475203808
1477018339
1472690918
1471441639
1472631528
1475328744
1482959600
1469649652
1469829876
1471408886
1472246518
1473895157
1481892596
1482033911
1473727228
1485597436
1484536574
1476412162
1476549379
1474251524
1471341317
1472692997
1473309447
1473370887
1476827907
1481947907
1469807371
1469459212
1484702473
1484931853
1471372047
1470325527
1482550039
1469834009
1481012000
1473471266
1469768483
1482529570
1470903082
1475205931
1469903660
1475463980
1481833258
1476154159
1470931762
1471101746
1476891444
1470010165
1483047730
1485751091
1486060094
1481882425
1469580090
1469485888
1482722115
1470835524
1469745990
1472709454
1471494991
1472013135
1484772178
1479600980
1469481814
1485851479
1468803928
1469907800
1469999961
1471562589
1470323550
1470323551
1471206239
1472613214
1474517853
1469551462
1473561447
1476586342
1473114985
1475894121
1470026603
1484876647
1468920686
1482158958
1470899059
1467825013
1485056893
1468230526
1480129409
1482244993
1476889478
1473721224
1485253512
1469957003
1470399372
1484929934
1467712399
1476498321
1485874067
1476420504
1474976667
1473637277
1469950878
1469936543
1479173024
1469442981
1469979557
1470149544
1484952488
1473205165
1474597818
1469692861
1470407613
1471357885
1470297024
1471081408
1471402945
1480018877
1481952192
1474259909
1469144006
1471062982
1476807624
1470817225
1482021833
1485454282
1482173388
1474976719
1467651024
1480094672
1482394578
1485050831
1469524950
1467786199
1484779741
1479762906
1467339741
1479105502
1476678623
1470149600
1470133217
1472230368
1477170146
1473131492
1481055203
1479810022
1485294561
1472105448
1476785128
1484760041
1476154347
1474509805
1483045869
1473387506
1485978819
1473188854
1477104631
1480098807
1469928441
1471343609
1481833462
1476592639
1473827845
1470401545
1470342154
1471384585
1469049868
1470139405
1471630348
1470135311
1481059344
1468818449
1476727826
1482083350
1485378582
1470979097
1471443994
1469137947
1479568411
1476645917
1481055258
1482527771
1470256161
1470977065
1468611627
1473647659
1482171435
1470989358
1476426799
1469146162
1470237747
1471081523
1469531189
1473907764
1481958451
1485470776
1469713466
1475656762
1481804858
1469463616
1470540865
1474163781
1468496966
1476066377
1473551439
1470385232
1473203281
1469650002
1473993810
1475695700
1470135381
1481055318
1474530394
1485771868
1469733982
1473129566
1473221728
1485978619
1468703844
1471472744
1473647720
1471575146
1472707691
1476582504
1481958509
1483996270
1469777007
1473125488
1473156208
1471007859
1472294006
1485333623
1479820408
1469482106
1471339643
1469854844
1476486269
1467712638
1479806076
1481014398
1469742209
1472611458
1473395845
1469572232
1472705672
1476912269
1469861006
1469951118
1469052048
1476463761
1485561732
1469490327
1475216536
1470747804
1474989213
1479285916
1470514339
1475722407
1474507944
1482245298
1469926579
1479763123
1470987446
1469985979
1470115003
1472437437
1482417339
1485957798
1476666564
1467665605
1481956549
1471382728
1472687307
1476416715
1473719501
1483095251
1485614292
1471270101
1473084635
1485704412
1469224158
1471055070
1485350115
1469990116
1473817832
1469576428
1469914348
1471079662
1467763951
1470987504
1483242732
1485546734
1474688243
1469144308
1469588725
1474934003
1469142265
1473385721
1470844155
1479339260
1467755777
1469693185
1476066563
1484713221
1472183559
1475218695
1483097355
1474346252
1483326732
1473914126
1482496219
1473991953
1485614355
1484909844
1476814103
1469994265
1469136154
1469639965
1470682397
1475290399
1481067806
1476736293
1483978022
1468501287
1471526184
1470926121
1473565993
1476287787
1472814380
1484565805
1484866862
1471079727
1473154352
1467322832
1473092914
1485984698
1470399798
1476066620
1473123651
1469758788
1471567173
1472779591
1476492616
1482515786
1485204810
1485415757
1469474126
1471581518
1478874446
1471149393
1470752084
1473097047
1481882969
1476582747
1470547294
1484914015
1467749729
1469023588
1474166117
1468534118
1471481191
1472462184
1469578601
1470262633
1481882981
1473383788
1485977970
1467667827
1473734003
1484379508
1485151609
1474426234
1485372793
1468511613
1469726078
1474858366
1476482432
1482298752
1484774784
1476246916
1476695428
1479810439
1471473032
1473652105
1472607634
1476261267
1469902230
1469748631
1479667099
1485856156
1470834077
1483535773
1479407007
1476380065
1475120547
1485575590
1485852075
1483177391
1470752181
1475116470
1469222327
1470404024
1485530554
1473306045
1469459906
1470672324
1469781445
1471423942
1470025159
1471069640
1471471047
1470055882
1473086923
1479423433
1485508039
1475812814
1485372878
1482008016
1469492696
1483535834
1475120604
1470528993
1469865442
1470399971
1473660386
1485700582
1472609767
1471079912
1470017001
1476543978
1476406763
1485727211
1471919597
1467790831
1473287665
1474960884
1483220469
1474160118
1481719286
1482333692
1476476413
1476206078
1473715711
1473912320
1481952768
1471501826
1469632003
1470428675
1467796998
1480005137
1479699986
1475810841
1471079963
1469552156
1469652508
1481713182
1484946972
1470354977
1472247329
1469466148
1481020966
1472521767
1467741736
1471430184
1473103405
1484881453
1469937199
1485633070
1469445681
1477709361
1485963852
1473547828
1476679221
1479290420
1469091385
1467614783
1470547521
1467704898
1470752321
1469765188
1474332229
1482468930
1471667785
1472775753
1471268427
1469531724
1470897741
1472327244
1473463888
1484949072
1469746774
1479726680
1468933722
1472587354
1471141468
1469830749
1476730462
1469759071
1473175138
1467805285
1484957291
1479413360
1467645553
1468509810
1471229554
1470752373
1481899637
1479831159
1467690616
1485670006
1469857405
1473588864
1469505153
1474432643
1485657731
1471268486
1469808264
1470037642
1473631883
1469564556
1470897804
1473738382
1478837901
1484387983
1467747985
1470150291
1474684568
1469908637
1470989981
1482440349
1469925027
1473353384
1479274153
1483175593
1473089196
1475219120
1483263667
1470842551
1473543867
1479669437
1473482430
1469902527
1476183743
1485856450
1476765379
1467657925
1474512581
1476749000
1469990601
1473728201
1473111755
1470987980
1469834957
1474084554
1470150351
1476718283
1469826773
1479771863
1476759264
1479476960
1471537146
1474918119
1469568746
1470596842
1482018540
1483218669
1475464943
1472519921
1473562355
1483751158
1469763322
1476689659
1476228860
1469777661
1479669501
1469548287
1467825920
1481740030
1484715777
1485309694
1485813512
1468471049
1476656905
1471747852
1469529870
1473197844
1485790996
1470064406
1481105175
1485119254
1483734810
1470322464
1474346791
1470875435
1470854956
1471330092
1475465006
1473283887
1477281580
1473820467
1472096053
1479472949
1479593782
1476845370
1470422844
1471485757
1474000702
1470392131
1476333379
1469499205
1473216325
1476671302
1484257093
1473568588
1479835468
1484273485
1470496591
1481867088
1470082897
1470988113
1484910418
1476222804
1473693525
1468714838
1472186200
1481963355
1470015327
1486048894
1481830242
1469628259
1471043432
1473666922
1474668394
1474082671
1476706160
1485305713
1470977908
1479901044
1478668154
1485211515
1479866236
1476349822
1470203775
1473079168
1483261824
1469591426
1467438979
1484910465
1471235973
1469620102
1469757318
1473630086
1474770824
1483788168
1473828747
1484273546
1473460109
1485944718
1476683663
1485557652
1473148821
1484711830
1471491992
1476712344
1469495194
1479307163
1482323865
1469829023
1472159650
1470056355
1469734822
1469749158
1479933864
1476200361
1471315882
1470103469
1472325549
1471528880
1473388465
1470357426
1474365360
1477537715
1468579766
1468610488
1467824057
1477105593
1483788217
1476227005
1476458430
1472602047
1468440515
1478053831
1483532232
1469511628
1470062540
1483096013
1469816784
1470003152
1479524306
1481971666
1472522196
1482637270
1471350743
1473099741
1476919262
1476919263
1485631455
1479579617
1485645791
1474297830
1476521959
1481834471
1469579241
1473900522
1469769707
1469763564
1468239853
1474080746
1471295471
1481039849
1473648625
1473818609
1482125537
1485656049
1473478645
1476780025
1470398458
1475031036
1476470782
